Average Reddit score for each Country
Argentina: 9.285714285714286
China: 3195.714285714286
France: 3377.6785714285716
Germany: 1718.1785714285713
Greece: 73.57142857142857
Hungary: 0.0
India: 401.64285714285717
Indonesia: 83.39285714285714
Italy: 645.1071428571429
Japan: 380.92857142857144
Mexico: 922.4642857142857
Peru: 44.17857142857143
Philippines: 65.39285714285714
Portugal: 1410.392857142857
Spain: 28.535714285714285
Thailand: 0.0
Turkey: 65.28571428571429
United Kingdom: 6671.035714285715
Vietnam: 11.428571428571429
United States of America: 3571.6785714285716
