Average Reddit+Youtube score for each Country
Argentina: 62.97283865405649
China: 3219.371962187352
France: 3462.8247943350293
Germany: 1781.9374532205122
Greece: 110.84291627957418
Hungary: 234.97179934583795
India: 713.6967950019642
Indonesia: 170.23219226886198
Italy: 695.6800228924066
Japan: 466.4305559381011
Mexico: 1015.7634574634317
Peru: 217.0277293273919
Philippines: 89.16899254890276
Portugal: 1438.0611232993062
Spain: 64.455177255358
Thailand: 264.2674465822476
Turkey: 92.28785838910504
United Kingdom: 6720.842130490847
Vietnam: 39.497220624882026
United States of America: 3641.054503662713
